1994
43841678527961
40253203611708
51273270184684
76109147229943
26350450181631
04682568931472
58103912623558
82779871659118
2199
38660139093115
80930648950718
51273270184681
76109147229943
06350457314031
14682568931472
78115912625548
82579771620631
2298
68661139102735
50930248950916
12742058763102
97261810152882
20470354371712
14682568031478
98118916625543
22579471291931
2347
16491762314760
02200394131064
57365045028729
18011877992391
46894541683654
65025936126188
17032147105527
24891274040296
2489
66481762314961
02200394131063
57365245028729
18011877992391
46872541683654
25025936124180
57011375204938
14892174177210
